* Exemplo de netlist.

e1 = 459.9999999999993 V
e2 = 419.99999999999943 V
e3 = 819.9999999999989 V
e4 = 119.99999999999973 V
e5 = -919.9999999999991 V
e6 = -1093.3333333333321 V
e7 = -1613.3333333333314 V

Resultado aproximado:

e1 = 460.0 V
e2 = 420.0 V
e3 = 820.0 V
e4 = 120.0 V
e5 = -920.0 V
e6 = -1093.333 V
e7 = -1613.333 V
           