* Exemplo de netlist.

e1 = -48.94117647058809 V
e2 = -78.82352941176447 V
e3 = -120.94117647058788 V
e4 = -9.88235294117644 V


Resultado aproximado

e1 = -48.941 V
e2 = -78.824 V
e3 = -120.941 V
e4 = -9.882 V
           